10 0.21234170624072105 0.3285135949218548 0.10821583135429229 0.13286846700867017
10 0.8011142791714996 0.30362511390240365 0.07482846025525056 0.1274189801981434
10 0.7670169973980082 0.5352160191217232 0.01841414631381255 0.031837681562972266
10 0.8198011606724197 0.5854288507482239 0.005035520409301597 0.006913640785015574
10 0.7877289670948548 0.5865132086124969 0.004233798620519025 0.006477513154179704
10 0.17416111205190074 0.6167640238186977 0.005015048620519024 0.0065230157850155734
10 0.22806736205190076 0.6136243422910189 0.006186923620519025 0.006591269731269378
10 0.29517297489677097 0.6081486160391293 0.00581677040930142 0.006959143415851443
10 0.3506826684743359 0.6056991792497788 0.005015048620519024 0.0065230157850155734
10 0.41330549920703047 0.6044027187829047 0.005426145409301597 0.006936392100433508
10 0.47033674920703045 0.6010810267318822 0.005796298620519025 0.006568518415851443
10 0.5297936363621603 0.599185326788352 0.006186923620519025 0.006591269731269378
10 0.5797936363621602 0.5962731584148528 0.006186923620519025 0.006591269731269378