10 0.19453125 0.33984375 0.1015625 0.12734375
10 0.7828125 0.34921875 0.06796875 0.1234375
10 0.73671875 0.578125 0.01640625 0.03046875
10 0.78671875 0.63125 0.0046875 0.00703125
10 0.7546875 0.63046875 0.0046875 0.00625
10 0.14140625 0.625 0.0046875 0.00625
10 0.1953125 0.625 0.00546875 0.00625
10 0.2625 0.6234375 0.0046875 0.00703125
10 0.31796875 0.62421875 0.0046875 0.00625
10 0.38046875 0.6265625 0.00546875 0.00703125
10 0.4375 0.6265625 0.0046875 0.00625
10 0.496875 0.628125 0.00546875 0.00625
10 0.546875 0.628125 0.00546875 0.00625