10 0.21373983504808275 0.6510958114153207 0.1052564586630929 0.13168347446188075
10 0.8017483004083467 0.6143211718399655 0.07195103942319178 0.12662138906088122
10 0.7489940587881239 0.38756177274958825 0.017694791105797948 0.03164170202638807
10 0.7974482791629527 0.33210798532220076 0.004880722453146369 0.00685894882131759
10 0.7654397612162641 0.3343811147678709 0.004088106426490689 0.006431936517764569
10 0.15231763558944347 0.36841389805691993 0.004869356426490734 0.00646832382131759
10 0.20622388558944346 0.3659031741117678 0.006041231426490689 0.006522904776647032
10 0.27345684969606615 0.36433636600621594 0.005661972453146369 0.006895336124870521
10 0.3289028676427548 0.360971617453958 0.00486935642649069 0.00646832382131759
10 0.3913346714828208 0.3557168831697237 0.0052713474531463685 0.006877142473094011
10 0.4483659214828208 0.35306061001035993 0.00565060642649069 0.006504711124870522
10 0.507695457376198 0.34873267494033733 0.006041231426490867 0.0065229047766469424
10 0.5576954573761981 0.3464038875129499 0.006041231426490867 0.0065229047766469424