1 0.8801688037668349 0.7375112703209571 0.06234271929233977 0.09894779694503927
1 0.5399975680348585 0.7346540771305239 0.05036818114108108 0.07636392319868043
1 0.19713797994551732 0.7223309557268455 0.05150689991669215 0.1259392001187134
1 0.9051476106295325 0.21800275237426847 0.05216079435425698 0.12322755717202476
1 0.5607961430945212 0.23771088097058996 0.04526653525577444 0.13433972766556704
1 0.07605942411176783 0.1977902938109361 0.05438682413090383 0.12914376230530317
2 0.7760442299455172 0.7391754072305489 0.13218218434615175 0.09083743174305994
2 0.43471075455262315 0.727678999933493 0.1294456552933756 0.0572095836630929
2 0.09245047994551732 0.7192848605831259 0.13349960856036325 0.09399652982302698
2 0.8004237233259796 0.21573790723054884 0.13485234305173996 0.08116273495630519
2 0.46105300827216766 0.1956932140401157 0.132521459469986 0.1399993516097815
2 0.1824185860224266 0.19853810306127842 0.14069460142635143 0.09771674330282894