1 0.09912821022240469 0.7074039817112112 0.05951027779965867 0.09962130385919252
1 0.4390946911476812 0.7005876600389311 0.0481841298696164 0.0769100098858317
1 0.7820225308392557 0.6842690043742621 0.047878189731289565 0.12647163463868588
1 0.08927850852141665 0.18790456520930846 0.04861171103812652 0.12376909313678315
1 0.43276545576147313 0.20361715954463952 0.04138756919551643 0.13479479990485982
1 0.9182529423687924 0.15803547372818377 0.050667111809190146 0.1297080518820261
2 0.2031162808392557 0.7078576264642843 0.12964549979648146 0.09233006868794007
2 0.5444952573003053 0.6923838877958097 0.12788724370904916 0.058688568440794245
2 0.8867100308392557 0.680003315629238 0.13087192187438212 0.0955028189350859
2 0.19397964529089182 0.18442012646428424 0.13260004017804183 0.08269177768032891
2 0.5336461172877146 0.16041630479200408 0.1285514912734172 0.1414692349426971
2 0.8119620320603669 0.16002107946940242 0.13796453733702033 0.09930494541796069