1 0.08671875 0.2890625 0.0578125 0.09765625
1 0.4265625 0.28203125 0.046875 0.075
1 0.76953125 0.284375 0.04609375 0.12421875
1 0.0859375 0.80859375 0.04609375 0.121875
1 0.42890625 0.77890625 0.0390625 0.13359375
1 0.91484375 0.8046875 0.0484375 0.12734375
2 0.190625 0.284375 0.128125 0.08671875
2 0.53203125 0.2859375 0.12734375 0.05390625
2 0.87421875 0.284375 0.12890625 0.08984375
2 0.190625 0.8078125 0.13125 0.0765625
2 0.53046875 0.81796875 0.12578125 0.13671875
2 0.80859375 0.80703125 0.13671875 0.09375